-4.901418
-3.4899561
-8.878413
-11.884389
-9.813553
-4.18535
-4.4219356
-3.4928708
-5.856832
-5.1657486
-9.569846
-3.5549707
-7.637306
-3.5342937
-6.7120476
-7.6036377
-6.7398896
-12.36186
-2.1677115
-8.549881
-6.7928147
-10.064317
-6.814621
-9.821696
-6.398237
-9.435214
-10.119732
-10.527132
-10.677638
-9.319807
-10.756121
-9.145137
-9.919211
-11.993033
-10.819435
-7.7572927
-5.569039
-7.175293
-5.125759
-3.719334
-9.034459
-9.256429
-7.8766747
-9.899335
-10.37452
-9.590592
-10.782954
-8.9887295
-8.30791
-11.406376
-7.159355
-9.842402
-11.324098
-10.188757
-9.248606
-10.7112465
-10.0335045
-8.031183
-9.698649
-11.346673
-5.151006
-10.306442
-8.521664
-11.030812
-8.218495
-8.61079
-10.501602
-9.528246
-7.234612
-10.656518
-4.9231277
-9.097429
-2.4288783
-6.820363
-5.1855073
-8.025525
-8.367576
-9.689882
-9.77199
-9.101044
-7.6771355
-7.316384
-6.939227
-9.355171
-9.65984
-9.075224
-9.236118
-8.133672
-9.157648
-9.142592
-9.735144
-11.07663
-6.5260024
-10.282057
-10.579921
-8.855136
-8.474385
-5.707944
-10.6924095
-7.924162
-8.289822
-9.945673
-9.567793
-2.3169065
-9.973031
-6.940565
-9.776566
-9.530634
-9.506525
-8.058376
-8.6428385
-10.818506
-9.478201
-10.281092
-8.765172
-10.261422
-10.177578
-10.905021
-9.217536
-4.6431227
-10.716882
-7.1924324
-8.463029
-10.667419
-12.37606
-10.607116
-10.511773
-7.954955
-9.765108
-8.62736
-10.367875
-9.961637
-12.091414
-9.180542
-6.3880486
-8.419352
-9.719934
-8.881344
-6.190345
-4.650693
-4.6359444
-6.091394
-6.0174513
-9.256534
-10.050785
-3.7388153
-8.520178
-8.718077
-9.185992
-8.280985
-9.854512
-8.491989
-3.9253771
-7.378274
-9.049717
-9.532975
-9.955668
-9.387355
-8.04623
-5.067712
-8.462261
-9.54832
-10.810581
-13.858553
-8.394323
-10.466716
-8.34032
-7.641755
-7.6688747
-7.900999
-10.138523
-8.250709
-8.868417
-10.065163
-9.562381
-9.030866
-10.739523
-10.3352785
-10.9257965
-7.8391857
-9.292758
-8.578349
-4.798719
-11.626507
-9.707623
-5.111132
-10.731934
-7.043959
-11.015494
4.603872
-5.1965656
-5.1326656
-6.634816
-8.681446
-9.7863455
-10.162542
-9.289671
-8.78024
-9.775294
-10.339907
-4.0691414
-6.477328